13
83819 54483 92566 49090 42393 59872 20006 5048 34419 7122 15960 17350 57778
15918 63388 95127 18818 72536 35107 58523 76541 11019 84330 66290 64168 93102
56063 45449 61853 52255 7000 95319 86297 14232 7941 82241 63343 55533 70525
47890 78851 66712 16676 71427 91716 98191 11719 69102 10580 77032 987 92263
14368 6543 27460 41950 79180 29033 36428 97655 86518 12300 61414 5774 28475
87209 71483 91784 27555 10423 34478 90017 27934 71482 43242 28442 82396 87771
28753 59523 98551 56679 56843 65059 50616 80557 2097 90890 10582 69664 47967
23329 34003 79507 72384 70558 25482 55310 85814 49670 84780 62666 61732 80454
90514 75366 18129 81880 58612 14491 27467 44401 75535 88179 1687 73431 80980
56070 18955 54587 25361 57199 79093 34247 96093 52391 15141 50344 92115 16054
10845 24222 94917 27496 85470 43565 63220 22189 49371 67640 19381 87056 610
11562 13813 92064 24436 20274 25260 31799 78841 93635 13569 57187 39004 64722
21079 24132 2900 75917 36887 38406 49428 51025 13601 9786 91002 51413 13555
