1000 1000
206 809
53 2
412 210
228 520
184 334
200 868
395 251
711 802
275 767
889 100
429 239
982 18
651 170
170 402
978 101
680 421
824 375
538 111
106 745
764 978
56 866
715 943
304 457
603 610
296 66
934 170
649 790
307 167
249 427
320 146
80 555
1000 461
316 413
199 298
588 62
603 709
258 264
979 941
775 369
878 239
541 642
759 999
974 584
566 137
16 329
45 357
114 719
651 413
380 192
504 353
634 637
940 398
682 57
429 782
845 615
300 800
931 590
285 9
960 577
770 711
182 697
952 283
519 140
51 541
546 485
822 376
189 424
961 493
70 217
87 838
299 22
38 241
171 403
299 567
551 105
822 765
581 397
18 289
529 989
127 401
102 356
691 635
362 234
569 31
572 773
528 486
864 151
480 458
576 589
984 438
655 508
722 25
802 695
790 767
682 805
72 464
119 526
764 718
777 289
778 982
923 345
287 677
590 503
988 378
623 109
341 932
564 480
397 594
687 329
258 812
303 609
282 916
559 54
167 31
823 549
713 311
869 144
311 913
279 766
201 683
451 160
776 302
574 949
917 240
911 959
857 114
447 632
624 415
405 698
529 558
8 900
631 325
771 513
842 565
793 660
792 362
573 871
655 473
231 801
993 180
538 510
344 761
268 495
429 786
882 366
734 394
453 439
2 536
266 502
569 189
497 364
864 260
178 454
690 723
400 371
131 396
108 959
888 877
504 816
645 314
874 815
200 464
793 802
72 606
304 504
176 948
819 335
274 605
184 202
804 150
815 307
847 614
106 105
63 257
879 698
811 156
784 842
117 923
961 899
729 298
980 389
893 977
597 70
415 11
216 717
810 574
242 119
488 509
223 383
904 642
994 571
414 434
708 603
79 993
426 693
606 127
337 165
625 557
552 914
571 361
977 20
241 886
929 838
802 742
381 130
964 99
4 875
316 117
158 204
117 172
927 909
70 552
975 619
91 56
1000 855
515 811
733 69
557 158
773 719
910 802
33 136
942 296
923 722
365 740
77 432
20 316
832 78
258 752
74 455
796 906
370 409
487 913
564 759
288 310
727 514
806 900
665 209
269 809
613 934
111 569
186 983
511 395
713 287
302 2
215 175
296 828
437 57
536 267
544 821
175 522
105 585
265 342
742 245
941 130
223 583
660 320
3 283
260 393
606 292
271 690
159 172
118 868
313 960
903 443
924 301
930 612
536 370
712 186
882 158
344 945
679 827
679 39
669 59
808 600
268 516
357 164
779 296
918 652
664 24
545 74
562 747
151 726
784 24
138 774
650 604
782 833
33 468
461 845
365 511
739 390
481 632
305 165
965 275
800 631
168 639
927 779
304 255
444 515
643 143
857 725
752 68
708 154
808 702
121 59
44 917
756 238
270 462
260 744
326 760
675 613
392 993
56 962
396 287
846 995
382 740
989 621
946 962
25 724
965 421
373 198
23 887
167 500
289 682
701 745
480 899
6 264
547 93
741 281
656 929
329 320
988 716
547 337
454 914
99 836
471 845
485 505
553 470
476 606
7 49
30 904
641 106
610 287
137 169
118 403
368 375
984 777
882 797
651 518
323 48
576 10
808 496
702 427
587 415
483 853
924 148
860 607
126 638
156 821
559 384
660 671
731 552
551 747
863 321
690 374
536 527
903 34
457 826
326 657
836 988
225 966
249 895
89 79
456 354
329 121
721 517
94 972
703 764
868 536
194 985
906 201
864 47
970 784
173 254
44 621
383 67
470 257
291 295
98 166
500 893
573 908
913 940
203 945
313 777
694 125
805 551
588 517
237 794
891 316
860 24
129 48
426 561
692 942
940 484
782 508
831 862
600 821
391 440
310 490
126 486
426 669
131 132
346 401
798 184
189 856
470 113
759 948
717 35
883 831
897 942
374 810
928 997
105 362
478 229
398 458
254 391
546 143
661 266
483 632
132 784
685 989
369 575
466 948
875 603
426 476
225 43
698 187
149 215
971 473
863 860
184 391
501 423
444 912
463 671
968 974
593 698
666 21
448 401
641 566
640 736
415 198
354 852
145 358
651 226
579 570
597 894
619 485
957 602
474 733
929 406
628 860
636 374
769 836
758 738
761 200
507 708
267 760
682 96
520 596
612 720
177 700
30 203
476 974
538 360
850 34
635 503
701 728
522 974
483 277
986 209
894 376
130 583
965 237
635 774
842 264
301 419
132 548
890 775
980 326
444 693
250 920
822 643
846 877
808 857
986 230
566 514
122 625
525 265
169 120
899 246
901 758
247 497
702 935
966 473
370 255
875 346
60 713
774 843
239 691
266 14
456 917
911 644
234 646
570 773
322 751
429 662
239 669
383 865
707 561
778 395
893 321
339 816
331 469
145 580
362 853
131 219
757 960
111 990
861 10
707 831
177 173
268 632
635 416
135 502
310 133
481 617
748 28
472 920
72 66
631 32
666 634
650 968
31 588
875 42
582 449
527 952
83 778
359 288
911 97
967 227
10 603
351 423
297 270
558 224
715 19
148 278
352 494
318 123
37 964
504 225
53 169
22 28
206 758
740 16
725 369
689 340
458 44
450 985
634 428
31 787
344 189
887 390
412 108
598 413
683 698
117 841
902 337
973 799
323 852
666 596
185 89
78 180
249 486
518 606
774 224
617 231
577 439
574 844
415 986
983 275
728 673
535 669
58 370
535 463
119 635
869 547
225 961
691 641
5 149
903 779
201 321
429 909
172 673
984 935
9 161
321 171
304 660
700 234
739 541
477 695
561 992
238 268
125 201
300 340
23 187
539 921
770 895
971 321
601 942
537 323
81 283
658 541
385 189
360 249
205 779
260 587
821 731
461 543
635 696
486 300
40 235
123 463
285 175
68 912
990 55
68 290
724 26
347 937
574 835
828 630
529 100
42 321
229 277
687 544
763 406
224 651
764 110
215 956
747 257
67 472
322 456
12 813
963 902
751 916
149 753
277 519
62 411
560 197
632 696
921 733
450 537
28 455
938 501
879 481
905 122
194 192
355 813
740 857
460 313
491 498
846 405
158 556
571 768
539 532
611 199
216 444
917 299
627 404
694 839
205 254
281 588
515 229
687 269
153 29
120 48
497 555
883 820
174 330
788 519
582 238
579 672
813 807
71 96
761 845
218 303
434 64
849 935
48 685
154 480
709 981
586 31
716 834
500 73
797 438
23 680
801 65
247 17
93 568
110 769
719 148
884 994
579 304
463 174
633 793
255 544
351 536
500 127
532 28
725 862
357 24
859 298
962 168
285 449
808 556
523 166
450 831
748 980
643 340
341 223
97 294
365 331
59 10
441 193
933 680
627 760
70 381
31 833
674 365
542 590
810 90
92 767
915 740
739 243
286 142
668 954
919 315
905 565
394 106
887 708
287 783
654 729
131 824
2 203
691 23
573 327
853 718
889 642
351 207
83 433
767 252
519 669
960 917
254 619
739 30
765 437
453 579
297 92
146 889
421 95
559 7
575 878
278 909
66 146
878 591
769 834
572 822
846 325
555 439
948 978
28 337
473 737
563 808
788 567
162 266
757 464
939 683
842 710
521 656
322 352
314 955
796 2
110 574
973 556
474 653
765 887
432 280
878 284
466 41
932 672
28 79
210 25
421 562
208 297
348 828
116 440
111 937
189 260
557 895
165 915
15 718
943 426
356 55
834 540
306 890
913 850
165 809
246 593
538 513
391 93
529 476
970 869
205 163
507 188
298 148
722 432
52 290
78 619
515 917
436 777
611 596
682 608
54 789
838 397
749 119
283 921
628 80
863 332
605 852
930 429
585 438
256 404
666 782
391 418
526 993
758 28
72 273
454 746
563 986
659 587
407 890
332 759
744 157
883 70
911 847
784 567
673 901
220 484
993 490
20 66
654 522
705 330
366 875
820 500
436 971
717 293
394 103
875 563
115 507
248 604
552 83
655 239
771 589
222 358
501 607
79 999
512 677
478 644
290 337
523 443
508 874
847 313
548 761
441 542
254 957
296 576
1000 463
11 340
225 103
327 658
152 576
203 915
172 88
541 447
688 556
447 737
578 312
513 978
620 931
475 338
817 479
958 557
492 428
252 33
176 954
305 932
497 84
942 59
391 583
996 481
790 440
358 623
408 347
936 952
604 989
597 732
256 443
330 469
408 914
955 689
995 617
164 793
20 512
806 998
434 262
336 418
87 28
444 881
862 663
599 869
56 843
576 145
686 801
438 148
225 912
841 812
384 189
577 389
210 369
444 267
678 755
477 38
386 612
531 780
270 540
125 109
484 163
236 818
352 411
737 512
992 211
624 449
331 416
59 351
515 774
958 529
465 9
851 567
83 895
498 190
162 185
816 75
446 324
696 410
300 758
696 145
244 394
429 126
807 270
153 709
251 367
772 630
113 283
147 149
53 844
954 178
677 237
836 488
611 669
947 17
887 174
902 478
261 283
373 781
963 286
598 734
558 382
462 359
845 288
82 972
47 634
191 364
637 576
743 740
223 283
796 491
441 853
565 907
818 670
838 87
116 816
268 922
